6.988208907816094440e-02
6.971744197325871473e-02
6.951883664633602689e-02
6.925862057075078682e-02
6.898623043705784386e-02
6.867672122270286617e-02
6.832831575584975836e-02
6.796144043353651021e-02
6.757817301950864997e-02
6.717355173251494949e-02
6.674766830149998775e-02
6.630711684045446919e-02
6.585296106946597616e-02
6.537969003273136348e-02
6.489326149802719657e-02
6.439847047528465818e-02
6.389804572975800456e-02
6.339170418698997223e-02
6.286433674654559600e-02
6.234512571977701700e-02
6.181912356112680834e-02
6.128370960916195570e-02
6.075893204159855260e-02
6.021852228354985376e-02
5.968505104237507158e-02
5.915186670960873028e-02
5.862836570156600841e-02
5.809296079209352176e-02
5.756260590035244123e-02
5.703283517817799714e-02
5.651125150827475407e-02
5.598984245191793857e-02
5.548020785763565360e-02
5.496495102889382284e-02
5.445169216159131270e-02
5.393971197030082015e-02
5.343838515460770655e-02
5.293047424336574935e-02
5.244119815779382798e-02
5.195218969915106622e-02
